TABLE NO.  1
 ID          TIME        CMT         TSTRAT      TMIN        TMAX        EVID        MDV         IPRED
  1.0000E+00  0.0000E+00  1.0000E+00  0.0000E+00  0.0000E+00  5.0000E+02  1.0000E+00  1.0000E+00  0.0000E+00
  1.0000E+00  0.0000E+00  3.0000E+00  0.0000E+00  0.0000E+00  5.0000E+02  0.0000E+00  0.0000E+00  9.6607E+01
  1.0000E+00  4.9000E-01  2.0000E+00  1.0000E+00  4.9000E-01  1.4500E+02  0.0000E+00  0.0000E+00  6.8040E+00
  1.0000E+00  5.0284E+00  2.0000E+00  3.0000E+00  4.9000E-01  1.4500E+02  0.0000E+00  0.0000E+00  1.1682E+01
  1.0000E+00  5.0350E+00  2.0000E+00  2.0000E+00  4.9000E-01  1.4500E+02  0.0000E+00  0.0000E+00  1.1681E+01
  1.0000E+00  1.7969E+01  3.0000E+00  4.0000E+00  1.0000E+01  1.2100E+02  0.0000E+00  0.0000E+00  4.1800E+01
  1.0000E+00  3.4855E+01  3.0000E+00  5.0000E+00  1.0000E+01  1.2100E+02  0.0000E+00  0.0000E+00  2.3964E+01
  1.0000E+00  3.4862E+01  3.0000E+00  6.0000E+00  1.0000E+01  1.2100E+02  0.0000E+00  0.0000E+00  2.3960E+01
  1.0000E+00  1.4500E+02  2.0000E+00  7.0000E+00  4.9000E-01  1.4500E+02  0.0000E+00  0.0000E+00  1.1238E+00
