TABLE NO.  1
 ID          AMT         CMT         TIME        EVID        MDV         DV          TSTRAT
  1.0000E+00  5.1885E+03  1.0000E+00  0.0000E+00  1.0000E+00  1.0000E+00  1.0415E+02  0.0000E+00
  1.0000E+00  1.0000E+00  3.0000E+00  0.0000E+00  1.0000E+00  1.0000E+00  1.0415E+02  0.0000E+00
  1.0000E+00  0.0000E+00  3.0000E+00  0.0000E+00  0.0000E+00  0.0000E+00  1.6628E+00  0.0000E+00
  1.0000E+00  0.0000E+00  1.0000E+00  1.0100E-02  0.0000E+00  0.0000E+00  1.0207E+02  1.0000E+00
  1.0000E+00  0.0000E+00  3.0000E+00  2.4022E-01  0.0000E+00  0.0000E+00  2.4887E-01  2.0000E+00
  1.0000E+00  0.0000E+00  1.0000E+00  5.6147E-01  0.0000E+00  0.0000E+00  4.6231E+01  3.0000E+00
  1.0000E+00  0.0000E+00  3.0000E+00  1.9346E+00  0.0000E+00  0.0000E+00  8.8698E-02  6.0000E+00
  1.0000E+00  0.0000E+00  3.0000E+00  1.9660E+00  0.0000E+00  0.0000E+00  8.8708E-02  4.0000E+00
  1.0000E+00  0.0000E+00  1.0000E+00  3.1334E+00  0.0000E+00  0.0000E+00  2.6958E+01  5.0000E+00
  1.0000E+00  0.0000E+00  1.0000E+00  4.1740E+01  0.0000E+00  0.0000E+00  1.6299E+00  7.0000E+00
  1.0000E+00  0.0000E+00  3.0000E+00  4.6998E+01  0.0000E+00  0.0000E+00  3.1536E-01  1.0000E+01
  1.0000E+00  0.0000E+00  3.0000E+00  4.7013E+01  0.0000E+00  0.0000E+00  3.1672E-01  8.0000E+00
  1.0000E+00  0.0000E+00  1.0000E+00  4.8510E+01  0.0000E+00  0.0000E+00  1.0434E-01  9.0000E+00
