ID:
Row     Mean         STD          RSTD         Low          High          0.10%        0.25%        0.50%        0.75%        1.00%        2.50%        5.00%        7.50%       10.00%       20.00%       25.00%       50.00%       75.00%       80.00%       90.00%       92.50%       95.00%       97.50%       99.00%       99.25%       99.50%       99.75%       99.90%
     1   1.0000       0.0000       0.0000       1.0000       1.0000       0.0000       0.0000       0.0000       0.0000       0.0000       0.0000       0.0000       0.0000       0.0000       0.0000       0.0000       0.0000       0.0000       0.0000       0.0000       0.0000       0.0000       0.0000       0.0000       0.0000       0.0000       0.0000       0.0000    
     2   1.0000       0.0000       0.0000       1.0000       1.0000       0.0000       0.0000       0.0000       0.0000       0.0000       0.0000       0.0000       0.0000       0.0000       0.0000       0.0000       0.0000       0.0000       0.0000       0.0000       0.0000       0.0000       0.0000       0.0000       0.0000       0.0000       0.0000       0.0000    
     3   1.0000       0.0000       0.0000       1.0000       1.0000       0.0000       0.0000       0.0000       0.0000       0.0000       0.0000       0.0000       0.0000       0.0000       0.0000       0.0000       0.0000       0.0000       0.0000       0.0000       0.0000       0.0000       0.0000       0.0000       0.0000       0.0000       0.0000       0.0000    
     4   1.0000       0.0000       0.0000       1.0000       1.0000       0.0000       0.0000       0.0000       0.0000       0.0000       0.0000       0.0000       0.0000       0.0000       0.0000       0.0000       0.0000       0.0000       0.0000       0.0000       0.0000       0.0000       0.0000       0.0000       0.0000       0.0000       0.0000       0.0000    
     5   1.0000       0.0000       0.0000       1.0000       1.0000       0.0000       0.0000       0.0000       0.0000       0.0000       0.0000       0.0000       0.0000       0.0000       0.0000       0.0000       0.0000       0.0000       0.0000       0.0000       0.0000       0.0000       0.0000       0.0000       0.0000       0.0000       0.0000       0.0000    
     6   1.0000       0.0000       0.0000       1.0000       1.0000       0.0000       0.0000       0.0000       0.0000       0.0000       0.0000       0.0000       0.0000       0.0000       0.0000       0.0000       0.0000       0.0000       0.0000       0.0000       0.0000       0.0000       0.0000       0.0000       0.0000       0.0000       0.0000       0.0000    
LTVCL:
Row     Mean         STD          RSTD         Low          High          0.10%        0.25%        0.50%        0.75%        1.00%        2.50%        5.00%        7.50%       10.00%       20.00%       25.00%       50.00%       75.00%       80.00%       90.00%       92.50%       95.00%       97.50%       99.00%       99.25%       99.50%       99.75%       99.90%
     1  -1.8874      0.29760       15.768      -2.7772     -0.94234      -2.7771      -2.6883      -2.6571      -2.6226      -2.6158      -2.4794      -2.3913      -2.3355      -2.2557      -2.1242      -2.0703      -1.9004      -1.6949      -1.6427      -1.5011      -1.4335      -1.3810      -1.2732      -1.1652      -1.1399      -1.1045      -1.0556     -0.94244    
     2  -1.8874      0.29760       15.768      -2.7772     -0.94234      -2.7771      -2.6883      -2.6571      -2.6226      -2.6158      -2.4794      -2.3913      -2.3355      -2.2557      -2.1242      -2.0703      -1.9004      -1.6949      -1.6427      -1.5011      -1.4335      -1.3810      -1.2732      -1.1652      -1.1399      -1.1045      -1.0556     -0.94244    
     3  -1.8874      0.29760       15.768      -2.7772     -0.94234      -2.7771      -2.6883      -2.6571      -2.6226      -2.6158      -2.4794      -2.3913      -2.3355      -2.2557      -2.1242      -2.0703      -1.9004      -1.6949      -1.6427      -1.5011      -1.4335      -1.3810      -1.2732      -1.1652      -1.1399      -1.1045      -1.0556     -0.94244    
     4  -1.8874      0.29760       15.768      -2.7772     -0.94234      -2.7771      -2.6883      -2.6571      -2.6226      -2.6158      -2.4794      -2.3913      -2.3355      -2.2557      -2.1242      -2.0703      -1.9004      -1.6949      -1.6427      -1.5011      -1.4335      -1.3810      -1.2732      -1.1652      -1.1399      -1.1045      -1.0556     -0.94244    
     5  -1.8874      0.29760       15.768      -2.7772     -0.94234      -2.7771      -2.6883      -2.6571      -2.6226      -2.6158      -2.4794      -2.3913      -2.3355      -2.2557      -2.1242      -2.0703      -1.9004      -1.6949      -1.6427      -1.5011      -1.4335      -1.3810      -1.2732      -1.1652      -1.1399      -1.1045      -1.0556     -0.94244    
     6  -1.8874      0.29760       15.768      -2.7772     -0.94234      -2.7771      -2.6883      -2.6571      -2.6226      -2.6158      -2.4794      -2.3913      -2.3355      -2.2557      -2.1242      -2.0703      -1.9004      -1.6949      -1.6427      -1.5011      -1.4335      -1.3810      -1.2732      -1.1652      -1.1399      -1.1045      -1.0556     -0.94244    
LTVV:
Row     Mean         STD          RSTD         Low          High          0.10%        0.25%        0.50%        0.75%        1.00%        2.50%        5.00%        7.50%       10.00%       20.00%       25.00%       50.00%       75.00%       80.00%       90.00%       92.50%       95.00%       97.50%       99.00%       99.25%       99.50%       99.75%       99.90%
     1   2.0870      0.29110       13.948       1.2075       2.9773       1.2076       1.2739       1.3080       1.3602       1.4038       1.5176       1.6240       1.6827       1.7209       1.8422       1.8917       2.0808       2.2780       2.3198       2.4723       2.5319       2.5857       2.6465       2.7817       2.8122       2.8637       2.9284       2.9773    
     2   2.0870      0.29110       13.948       1.2075       2.9773       1.2076       1.2739       1.3080       1.3602       1.4038       1.5176       1.6240       1.6827       1.7209       1.8422       1.8917       2.0808       2.2780       2.3198       2.4723       2.5319       2.5857       2.6465       2.7817       2.8122       2.8637       2.9284       2.9773    
     3   2.0870      0.29110       13.948       1.2075       2.9773       1.2076       1.2739       1.3080       1.3602       1.4038       1.5176       1.6240       1.6827       1.7209       1.8422       1.8917       2.0808       2.2780       2.3198       2.4723       2.5319       2.5857       2.6465       2.7817       2.8122       2.8637       2.9284       2.9773    
     4   2.0870      0.29110       13.948       1.2075       2.9773       1.2076       1.2739       1.3080       1.3602       1.4038       1.5176       1.6240       1.6827       1.7209       1.8422       1.8917       2.0808       2.2780       2.3198       2.4723       2.5319       2.5857       2.6465       2.7817       2.8122       2.8637       2.9284       2.9773    
     5   2.0870      0.29110       13.948       1.2075       2.9773       1.2076       1.2739       1.3080       1.3602       1.4038       1.5176       1.6240       1.6827       1.7209       1.8422       1.8917       2.0808       2.2780       2.3198       2.4723       2.5319       2.5857       2.6465       2.7817       2.8122       2.8637       2.9284       2.9773    
     6   2.0870      0.29110       13.948       1.2075       2.9773       1.2076       1.2739       1.3080       1.3602       1.4038       1.5176       1.6240       1.6827       1.7209       1.8422       1.8917       2.0808       2.2780       2.3198       2.4723       2.5319       2.5857       2.6465       2.7817       2.8122       2.8637       2.9284       2.9773    
LTVKA:
Row     Mean         STD          RSTD         Low          High          0.10%        0.25%        0.50%        0.75%        1.00%        2.50%        5.00%        7.50%       10.00%       20.00%       25.00%       50.00%       75.00%       80.00%       90.00%       92.50%       95.00%       97.50%       99.00%       99.25%       99.50%       99.75%       99.90%
     1  1.38910E-02  0.29676       2136.3     -0.84310      0.93088     -0.84309     -0.82412     -0.79081     -0.72554     -0.68970     -0.56799     -0.45588     -0.39821     -0.36022     -0.23164     -0.18518      1.30085E-02  0.20574      0.25857      0.39875      0.44207      0.53559      0.65394      0.71495      0.75521      0.76121      0.90379      0.93088    
     2  1.38910E-02  0.29676       2136.3     -0.84310      0.93088     -0.84309     -0.82412     -0.79081     -0.72554     -0.68970     -0.56799     -0.45588     -0.39821     -0.36022     -0.23164     -0.18518      1.30085E-02  0.20574      0.25857      0.39875      0.44207      0.53559      0.65394      0.71495      0.75521      0.76121      0.90379      0.93088    
     3  1.38910E-02  0.29676       2136.3     -0.84310      0.93088     -0.84309     -0.82412     -0.79081     -0.72554     -0.68970     -0.56799     -0.45588     -0.39821     -0.36022     -0.23164     -0.18518      1.30085E-02  0.20574      0.25857      0.39875      0.44207      0.53559      0.65394      0.71495      0.75521      0.76121      0.90379      0.93088    
     4  1.38910E-02  0.29676       2136.3     -0.84310      0.93088     -0.84309     -0.82412     -0.79081     -0.72554     -0.68970     -0.56799     -0.45588     -0.39821     -0.36022     -0.23164     -0.18518      1.30085E-02  0.20574      0.25857      0.39875      0.44207      0.53559      0.65394      0.71495      0.75521      0.76121      0.90379      0.93088    
     5  1.38910E-02  0.29676       2136.3     -0.84310      0.93088     -0.84309     -0.82412     -0.79081     -0.72554     -0.68970     -0.56799     -0.45588     -0.39821     -0.36022     -0.23164     -0.18518      1.30085E-02  0.20574      0.25857      0.39875      0.44207      0.53559      0.65394      0.71495      0.75521      0.76121      0.90379      0.93088    
     6  1.38910E-02  0.29676       2136.3     -0.84310      0.93088     -0.84309     -0.82412     -0.79081     -0.72554     -0.68970     -0.56799     -0.45588     -0.39821     -0.36022     -0.23164     -0.18518      1.30085E-02  0.20574      0.25857      0.39875      0.44207      0.53559      0.65394      0.71495      0.75521      0.76121      0.90379      0.93088    
TIME:
Row     Mean         STD          RSTD         Low          High          0.10%        0.25%        0.50%        0.75%        1.00%        2.50%        5.00%        7.50%       10.00%       20.00%       25.00%       50.00%       75.00%       80.00%       90.00%       92.50%       95.00%       97.50%       99.00%       99.25%       99.50%       99.75%       99.90%
     1   0.0000       0.0000       0.0000       0.0000       0.0000       0.0000       0.0000       0.0000       0.0000       0.0000       0.0000       0.0000       0.0000       0.0000       0.0000       0.0000       0.0000       0.0000       0.0000       0.0000       0.0000       0.0000       0.0000       0.0000       0.0000       0.0000       0.0000       0.0000    
     2  0.13934      5.09463E-02   36.563      4.17380E-02  0.39458      4.17420E-02  4.74432E-02  5.59797E-02  5.79390E-02  5.82627E-02  6.32501E-02  7.15192E-02  7.80576E-02  8.14317E-02  9.72994E-02  0.10303      0.12984      0.16772      0.17969      0.20613      0.21854      0.23762      0.26391      0.29458      0.30842      0.32054      0.33996      0.39453    
     3   7.1222       1.7673       24.814       3.1080       14.211       3.1081       3.3107       3.6462       3.7686       3.7783       4.0925       4.5512       4.8004       5.0479       5.5980       5.8454       6.9874       8.1710       8.4838       9.4878       9.8022       10.221       11.281       12.254       12.526       12.724       13.622       14.211    
     4   7.1222       1.7673       24.814       3.1080       14.211       3.1081       3.3107       3.6462       3.7686       3.7783       4.0925       4.5512       4.8004       5.0479       5.5980       5.8454       6.9874       8.1710       8.4838       9.4878       9.8022       10.221       11.281       12.254       12.526       12.724       13.622       14.211    
     5   7.1222       1.7673       24.814       3.1080       14.211       3.1081       3.3107       3.6462       3.7686       3.7783       4.0925       4.5512       4.8004       5.0479       5.5980       5.8454       6.9874       8.1710       8.4838       9.4878       9.8022       10.221       11.281       12.254       12.526       12.724       13.622       14.211    
     6   155.81       37.671       24.177       58.914       199.99       58.918       64.335       68.034       72.009       73.948       82.549       91.274       96.916       103.37       118.71       125.12       158.13       197.18       199.32       199.88       199.93       199.95       199.97       199.98       199.98       199.99       199.99       199.99    
EVID:
Row     Mean         STD          RSTD         Low          High          0.10%        0.25%        0.50%        0.75%        1.00%        2.50%        5.00%        7.50%       10.00%       20.00%       25.00%       50.00%       75.00%       80.00%       90.00%       92.50%       95.00%       97.50%       99.00%       99.25%       99.50%       99.75%       99.90%
     1   1.0000       0.0000       0.0000       1.0000       1.0000       0.0000       0.0000       0.0000       0.0000       0.0000       0.0000       0.0000       0.0000       0.0000       0.0000       0.0000       0.0000       0.0000       0.0000       0.0000       0.0000       0.0000       0.0000       0.0000       0.0000       0.0000       0.0000       0.0000    
     2   0.0000       0.0000       0.0000       0.0000       0.0000       0.0000       0.0000       0.0000       0.0000       0.0000       0.0000       0.0000       0.0000       0.0000       0.0000       0.0000       0.0000       0.0000       0.0000       0.0000       0.0000       0.0000       0.0000       0.0000       0.0000       0.0000       0.0000       0.0000    
     3   0.0000       0.0000       0.0000       0.0000       0.0000       0.0000       0.0000       0.0000       0.0000       0.0000       0.0000       0.0000       0.0000       0.0000       0.0000       0.0000       0.0000       0.0000       0.0000       0.0000       0.0000       0.0000       0.0000       0.0000       0.0000       0.0000       0.0000       0.0000    
     4   0.0000       0.0000       0.0000       0.0000       0.0000       0.0000       0.0000       0.0000       0.0000       0.0000       0.0000       0.0000       0.0000       0.0000       0.0000       0.0000       0.0000       0.0000       0.0000       0.0000       0.0000       0.0000       0.0000       0.0000       0.0000       0.0000       0.0000       0.0000    
     5   0.0000       0.0000       0.0000       0.0000       0.0000       0.0000       0.0000       0.0000       0.0000       0.0000       0.0000       0.0000       0.0000       0.0000       0.0000       0.0000       0.0000       0.0000       0.0000       0.0000       0.0000       0.0000       0.0000       0.0000       0.0000       0.0000       0.0000       0.0000    
     6   0.0000       0.0000       0.0000       0.0000       0.0000       0.0000       0.0000       0.0000       0.0000       0.0000       0.0000       0.0000       0.0000       0.0000       0.0000       0.0000       0.0000       0.0000       0.0000       0.0000       0.0000       0.0000       0.0000       0.0000       0.0000       0.0000       0.0000       0.0000    
MDV:
Row     Mean         STD          RSTD         Low          High          0.10%        0.25%        0.50%        0.75%        1.00%        2.50%        5.00%        7.50%       10.00%       20.00%       25.00%       50.00%       75.00%       80.00%       90.00%       92.50%       95.00%       97.50%       99.00%       99.25%       99.50%       99.75%       99.90%
     1   1.0000       0.0000       0.0000       1.0000       1.0000       0.0000       0.0000       0.0000       0.0000       0.0000       0.0000       0.0000       0.0000       0.0000       0.0000       0.0000       0.0000       0.0000       0.0000       0.0000       0.0000       0.0000       0.0000       0.0000       0.0000       0.0000       0.0000       0.0000    
     2   0.0000       0.0000       0.0000       0.0000       0.0000       0.0000       0.0000       0.0000       0.0000       0.0000       0.0000       0.0000       0.0000       0.0000       0.0000       0.0000       0.0000       0.0000       0.0000       0.0000       0.0000       0.0000       0.0000       0.0000       0.0000       0.0000       0.0000       0.0000    
     3   0.0000       0.0000       0.0000       0.0000       0.0000       0.0000       0.0000       0.0000       0.0000       0.0000       0.0000       0.0000       0.0000       0.0000       0.0000       0.0000       0.0000       0.0000       0.0000       0.0000       0.0000       0.0000       0.0000       0.0000       0.0000       0.0000       0.0000       0.0000    
     4   0.0000       0.0000       0.0000       0.0000       0.0000       0.0000       0.0000       0.0000       0.0000       0.0000       0.0000       0.0000       0.0000       0.0000       0.0000       0.0000       0.0000       0.0000       0.0000       0.0000       0.0000       0.0000       0.0000       0.0000       0.0000       0.0000       0.0000       0.0000    
     5   0.0000       0.0000       0.0000       0.0000       0.0000       0.0000       0.0000       0.0000       0.0000       0.0000       0.0000       0.0000       0.0000       0.0000       0.0000       0.0000       0.0000       0.0000       0.0000       0.0000       0.0000       0.0000       0.0000       0.0000       0.0000       0.0000       0.0000       0.0000    
     6   0.0000       0.0000       0.0000       0.0000       0.0000       0.0000       0.0000       0.0000       0.0000       0.0000       0.0000       0.0000       0.0000       0.0000       0.0000       0.0000       0.0000       0.0000       0.0000       0.0000       0.0000       0.0000       0.0000       0.0000       0.0000       0.0000       0.0000       0.0000    
DV:
Row     Mean         STD          RSTD         Low          High          0.10%        0.25%        0.50%        0.75%        1.00%        2.50%        5.00%        7.50%       10.00%       20.00%       25.00%       50.00%       75.00%       80.00%       90.00%       92.50%       95.00%       97.50%       99.00%       99.25%       99.50%       99.75%       99.90%
     1   0.0000       0.0000       0.0000       0.0000       0.0000       0.0000       0.0000       0.0000       0.0000       0.0000       0.0000       0.0000       0.0000       0.0000       0.0000       0.0000       0.0000       0.0000       0.0000       0.0000       0.0000       0.0000       0.0000       0.0000       0.0000       0.0000       0.0000       0.0000    
     2   1.0839      0.13800       12.732      0.73155       1.6005      0.73156      0.75410      0.76871      0.77906      0.78969      0.84535      0.86405      0.89112      0.90701      0.96876      0.98780       1.0775       1.1720       1.1936       1.2621       1.2871       1.3130       1.3893       1.4587       1.4757       1.4974       1.5748       1.6005    
     3   7.9587       2.1256       26.708       3.4095       16.511       3.4096       3.5637       3.7786       3.9715       4.1334       4.5215       4.7709       5.1516       5.3752       6.2072       6.5200       7.7113       9.2593       9.6550       10.709       11.088       11.759       12.790       14.341       14.683       15.469       15.916       16.511    
     4   7.9587       2.1256       26.708       3.4095       16.511       3.4096       3.5637       3.7786       3.9715       4.1334       4.5215       4.7709       5.1516       5.3752       6.2072       6.5200       7.7113       9.2593       9.6550       10.709       11.088       11.759       12.790       14.341       14.683       15.469       15.916       16.511    
     5   7.9587       2.1256       26.708       3.4095       16.511       3.4096       3.5637       3.7786       3.9715       4.1334       4.5215       4.7709       5.1516       5.3752       6.2072       6.5200       7.7113       9.2593       9.6550       10.709       11.088       11.759       12.790       14.341       14.683       15.469       15.916       16.511    
     6  0.52453      0.20825       39.702      0.25172       2.0300      0.25181      0.33969      0.35271      0.35644      0.35802      0.37274      0.38719      0.39349      0.40026      0.41719      0.42515      0.45489      0.51166      0.55383      0.76032      0.87316      0.97771       1.2125       1.3601       1.5919       1.6681       1.7980       2.0298    
IPRED:
Row     Mean         STD          RSTD         Low          High          0.10%        0.25%        0.50%        0.75%        1.00%        2.50%        5.00%        7.50%       10.00%       20.00%       25.00%       50.00%       75.00%       80.00%       90.00%       92.50%       95.00%       97.50%       99.00%       99.25%       99.50%       99.75%       99.90%
     1   0.0000       0.0000       0.0000       0.0000       0.0000       0.0000       0.0000       0.0000       0.0000       0.0000       0.0000       0.0000       0.0000       0.0000       0.0000       0.0000       0.0000       0.0000       0.0000       0.0000       0.0000       0.0000       0.0000       0.0000       0.0000       0.0000       0.0000       0.0000    
     2   1.0839      0.13800       12.732      0.73155       1.6005      0.73156      0.75410      0.76871      0.77906      0.78969      0.84535      0.86405      0.89112      0.90701      0.96876      0.98780       1.0775       1.1720       1.1936       1.2621       1.2871       1.3130       1.3893       1.4587       1.4757       1.4974       1.5748       1.6005    
     3   7.9587       2.1256       26.708       3.4095       16.511       3.4096       3.5637       3.7786       3.9715       4.1334       4.5215       4.7709       5.1516       5.3752       6.2072       6.5200       7.7113       9.2593       9.6550       10.709       11.088       11.759       12.790       14.341       14.683       15.469       15.916       16.511    
     4   7.9587       2.1256       26.708       3.4095       16.511       3.4096       3.5637       3.7786       3.9715       4.1334       4.5215       4.7709       5.1516       5.3752       6.2072       6.5200       7.7113       9.2593       9.6550       10.709       11.088       11.759       12.790       14.341       14.683       15.469       15.916       16.511    
     5   7.9587       2.1256       26.708       3.4095       16.511       3.4096       3.5637       3.7786       3.9715       4.1334       4.5215       4.7709       5.1516       5.3752       6.2072       6.5200       7.7113       9.2593       9.6550       10.709       11.088       11.759       12.790       14.341       14.683       15.469       15.916       16.511    
     6  0.52453      0.20825       39.702      0.25172       2.0300      0.25181      0.33969      0.35271      0.35644      0.35802      0.37274      0.38719      0.39349      0.40026      0.41719      0.42515      0.45489      0.51166      0.55383      0.76032      0.87316      0.97771       1.2125       1.3601       1.5919       1.6681       1.7980       2.0298    
